36 34
000.png 0 0 32 31
001.png 0 0 32 32
002.png 0 0 32 32
003.png 0 0 32 31
004.png 0 0 30 14
005.png 0 0 32 32
006.png 0 0 30 14
007.png 0 0 32 32
008.png 0 0 32 32
009.png 0 0 32 31
010.png 0 0 31 32
011.png 0 0 32 32
012.png 0 0 32 32
013.png 0 0 20 20
014.png 0 0 17 24
015.png 0 0 19 32
016.png 0 0 12 29
017.png 0 0 32 31
018.png 0 0 30 14
019.png 0 0 32 32
020.png 0 0 32 31
021.png 0 0 32 32
022.png 0 0 32 31
023.png 0 0 32 32
024.png 0 0 30 14
025.png 0 0 32 32
026.png 0 0 30 14
027.png 0 0 30 14
028.png 0 0 32 32
029.png 0 0 32 32
030.png 0 0 32 32
031.png 0 0 30 14
032.png 0 0 31 32
033.png 0 0 32 31
034.png 1 0 25 30
035.png 0 0 24 26
036.png 0 0 27 28
037.png 0 0 32 32
038.png 0 0 31 32
039.png 0 0 32 32
040.png 0 0 32 32
041.png 0 0 32 32
042.png 0 0 32 32
043.png 0 0 32 32
044.png 0 0 32 32
045.png 0 0 29 28
046.png 0 0 32 32
047.png 0 0 21 21
048.png 0 0 32 32
049.png 0 0 29 28
050.png 0 0 25 32
051.png 0 0 26 31
052.png 0 0 32 32
053.png 0 0 31 32
054.png 0 0 32 32
055.png 0 0 32 32
056.png 0 0 32 32
057.png 0 0 32 32
058.png 0 0 32 32
059.png 0 0 32 32
060.png 1 1 30 28
061.png 0 0 31 32
062.png 3 0 24 31
063.png 0 0 31 32
064.png 0 0 32 31
065.png 0 0 32 32
066.png 0 0 32 32
067.png 0 0 32 31
068.png 0 0 32 32
069.png 0 0 32 32
070.png 0 0 31 32
071.png 0 0 32 32
072.png 0 0 32 32
073.png 0 0 32 31
074.png 0 0 31 32
075.png 0 0 31 32
076.png 0 0 32 32
077.png 0 0 32 32
078.png 0 0 32 32
079.png 0 0 32 31
080.png 0 0 31 32
081.png 0 0 32 32
082.png 0 0 32 32
083.png 0 0 32 32
084.png 0 0 30 30
085.png 0 0 20 20
086.png 0 0 32 32
087.png 0 0 30 14
088.png 0 0 31 32
089.png 0 0 32 32
090.png 0 0 32 32
091.png 0 3 33 29
092.png 3 4 26 23
093.png 2 0 28 32
094.png 0 2 32 28
095.png 0 0 31 32
096.png 2 0 27 32
097.png 0 0 30 14
098.png 0 0 30 14
099.png 0 0 32 32
100.png 0 0 32 32
101.png 0 0 32 32
102.png 0 0 30 14
103.png 0 3 33 29
104.png 0 0 32 32
105.png 0 0 30 14
106.png 0 0 32 32
107.png 0 0 32 32
108.png 0 0 32 32
109.png 0 0 32 32
110.png 0 0 32 31
111.png 0 0 32 32
112.png 0 0 32 32
113.png 0 0 31 32
114.png 0 0 31 32
115.png 0 0 32 32
116.png 0 0 32 32
117.png 0 0 32 32
118.png 0 0 32 32
119.png 1 5 29 9
120.png 0 0 32 32
121.png 0 0 31 32
122.png 0 0 32 32
123.png 0 0 32 32
124.png 0 0 32 32
125.png 0 0 32 24
126.png 0 0 31 32
127.png 0 0 32 32
128.png 0 0 16 26
129.png 0 0 16 26
130.png 0 0 28 29
131.png 0 0 32 32
132.png 0 0 32 32
133.png 0 3 32 29
134.png 0 0 32 32
135.png 0 0 31 32
136.png 0 0 32 31
137.png 0 0 32 32
138.png 0 0 32 32
139.png 0 0 32 32
140.png 0 0 32 32
141.png 0 0 32 32
142.png 0 0 32 31
143.png 0 1 32 30
144.png 0 0 32 32
145.png 0 0 27 28
146.png 0 0 32 29
147.png 0 0 31 32
148.png 0 0 31 31
149.png 0 0 32 26
150.png 0 0 25 29
151.png 0 0 32 31
152.png 0 0 32 31
153.png 1 5 29 9
154.png 0 0 32 32
155.png 0 0 32 32
156.png 0 0 32 32
157.png 0 1 32 31
158.png 1 5 29 9
159.png 0 1 32 31
160.png 0 0 31 32
161.png 1 5 29 9
162.png 0 0 32 32
163.png 0 0 32 32
164.png 0 1 32 31
165.png 0 0 32 32
166.png 1 0 31 32
167.png 0 0 32 32
168.png 0 0 32 32
169.png 0 0 32 32
170.png 0 1 32 31
171.png 0 0 32 32
172.png 0 0 32 32
173.png 0 0 29 32
174.png 0 0 32 32
175.png 5 1 23 30
176.png 0 0 32 32
177.png 0 0 32 32
178.png 0 0 32 32
179.png 1 5 29 9
180.png 1 5 29 9
181.png 1 5 29 9
182.png 1 5 29 9
183.png 1 5 29 9
184.png 1 5 29 9
185.png 1 5 29 9
186.png 1 5 29 9
187.png 1 5 29 9
188.png 0 0 32 21
189.png 2 0 27 32
190.png 0 2 31 29
191.png 1 5 29 9
192.png 1 5 29 9
193.png 1 5 29 9
194.png 0 1 32 30
195.png 0 0 32 32
196.png 0 0 32 32
197.png 0 1 32 30
198.png 0 0 32 32
199.png 0 0 32 32
200.png 0 4 31 25
201.png 0 7 32 19
202.png 0 0 30 14
203.png 0 0 30 14
204.png 0 0 30 14
205.png 0 0 30 14
206.png 0 0 30 14
207.png 0 0 30 14
208.png 0 0 30 14
209.png 0 0 30 14
210.png 0 0 30 14
211.png 0 0 30 14
212.png 0 0 32 32
213.png 0 0 30 14
214.png 0 0 32 24
215.png 0 0 22 26
216.png 0 0 11 21
217.png 0 0 23 24
218.png 0 0 25 21
219.png 0 0 16 26
220.png 0 0 30 14
221.png 0 0 30 14
222.png 0 0 30 14
223.png 0 0 30 14
224.png 0 0 30 14
225.png 0 0 30 14
226.png 0 0 30 14
227.png 0 0 30 14
228.png 0 0 27 28
229.png 0 0 27 28
230.png 0 0 29 28
231.png 0 0 28 25
232.png 0 0 31 28
233.png 0 0 25 28
234.png 0 0 22 20
235.png 0 0 24 20
236.png 0 0 26 26
237.png 0 0 26 25
238.png 0 0 32 32
239.png 0 0 32 32
240.png 0 0 32 32
241.png 0 0 32 32
242.png 0 0 32 32
243.png 0 0 20 20
244.png 0 0 32 32
245.png 0 0 32 32
246.png 0 0 32 32
247.png 0 0 32 32
248.png 0 0 32 32
249.png 0 0 32 32
250.png 0 0 32 32
251.png 0 0 32 32
252.png 0 0 32 32
253.png 0 0 32 32
254.png 0 0 26 27
255.png 0 0 27 28
256.png 0 0 32 32
257.png 0 0 23 23
258.png 0 0 25 23
259.png 0 0 30 27
260.png 0 0 30 26
261.png 0 0 32 32
262.png 0 0 32 32
263.png 0 0 32 32
264.png 0 0 32 32
265.png 0 0 32 32
266.png 0 0 32 32
267.png 0 0 32 32
268.png 0 0 32 32
269.png 0 0 32 32
270.png 0 0 32 32
271.png 0 0 32 32
272.png 0 0 28 24
273.png 0 0 29 24
274.png 0 0 32 32
275.png 0 0 32 32
276.png 0 0 32 32
277.png 0 0 32 32
278.png 0 0 32 32
279.png 1 5 29 9
280.png 0 0 32 32
281.png 0 0 32 32
282.png 0 0 26 27
283.png 0 0 26 27
284.png 0 0 32 32
285.png 0 0 32 32
286.png 0 0 27 27
287.png 0 0 32 32
288.png 0 0 32 32
289.png 0 0 32 32
290.png 0 0 32 32
291.png 0 0 32 32
292.png 0 0 32 32
293.png 0 0 32 32
294.png 0 0 32 32
295.png 0 0 32 32
296.png 0 0 32 32
297.png 0 0 32 32
298.png 0 0 32 32
299.png 0 0 32 32
300.png 0 0 32 32
301.png 0 0 32 32
302.png 0 0 23 27
303.png 0 0 32 32
304.png 0 0 32 32
305.png 0 0 32 32
306.png 0 0 32 32
307.png 0 0 32 32
308.png 0 0 32 32
309.png 0 0 24 24
310.png 0 0 32 32
311.png 0 0 23 22
312.png 0 0 25 25
313.png 0 0 24 21
314.png 0 0 32 32
315.png 0 0 32 32
316.png 0 0 32 32
317.png 0 0 32 32
318.png 0 0 32 32
319.png 0 0 32 32
320.png 0 0 32 32
321.png 0 0 32 32
322.png 0 0 32 32
323.png 0 0 32 32
324.png 0 0 32 32
325.png 0 0 32 32
326.png 0 0 32 32
327.png 0 0 32 32
328.png 0 0 32 32
329.png 0 0 32 32
330.png 0 0 32 32
331.png 0 0 32 32
332.png 0 0 32 32
333.png 0 0 32 32
334.png 0 0 32 32
335.png 0 0 32 32
336.png 0 0 32 32
337.png 0 0 32 32
338.png 0 0 32 32
339.png 0 0 32 32
340.png 0 0 32 32
341.png 0 0 32 32
342.png 0 0 32 32
343.png 0 0 32 32
344.png 0 0 32 32
345.png 0 0 32 32
346.png 0 0 32 32
347.png 0 0 32 32
348.png 0 0 32 32
349.png 0 0 32 32
350.png 0 0 32 32
351.png 0 0 32 32
352.png 0 0 32 32
353.png 0 0 32 32
354.png 0 0 32 32
355.png 0 0 32 32
356.png 0 0 32 32
357.png 0 0 27 28
358.png 0 0 32 32
359.png 0 0 32 32
360.png 0 0 32 32
361.png 0 0 32 32
362.png 0 0 32 32
363.png 0 0 27 28
364.png 0 0 32 32
365.png 0 0 32 32
366.png 0 0 32 32
367.png 0 0 32 32
368.png 0 0 32 32
369.png 0 0 32 32
370.png 0 0 32 32
371.png 0 0 32 32
372.png 0 0 32 32
373.png 0 0 32 32
374.png 0 0 32 32
375.png 0 0 32 32
376.png 0 3 33 29
377.png 0 0 32 32
378.png 0 0 32 32
379.png 0 0 32 32
380.png 0 0 32 32
381.png 0 0 32 32
382.png 0 0 32 32
383.png 0 0 32 32
384.png 0 0 32 32
385.png 0 0 32 32
